331
662
993
1324
1655
1986
2317
2648
2979
3310
3641
3972
4303
4634
4965
5296
5627
5958
6289
6620
6951
7282
7613
7944
8274
8605
8936
9267
9598
9929
10260
10591
10922
11253
11584
11915
12246
12577
12908
13239
13570
13901
14232
14563
14894
15225
15556
15887
16218
16549
16880
17211
17542
17873
18204
18535
18866
19197
19528
19859
20190
20521
20852
21183
21514
21845
22176
22507
22838
23169
23500
23831
24162
24493
24823
25154
25485
25816
26147
26478
26809
27140
27471
27802
28133
28464
28795
29126
29457
29788
30119
30450
30781
31112
31443
31774
32105
32436
32767
0
