655
1311
1966
2621
3277
3932
4587
5243
5898
6553
7209
7864
8519
9175
9830
10485
11141
11796
12451
13107
13762
14417
15073
15728
16384
17039
17694
18350
19005
19660
20316
20971
21626
22282
22937
23592
24248
24903
25558
26214
26869
27524
28180
28835
29490
30146
30801
31456
32112
32767
32112
31456
30801
30146
29490
28835
28180
27524
26869
26214
25558
24903
24248
23592
22937
22282
21626
20971
20316
19660
19005
18350
17694
17039
16384
15728
15073
14417
13762
13107
12451
11796
11141
10485
9830
9175
8519
7864
7209
6553
5898
5243
4587
3932
3277
2621
1966
1311
655
0
